%YAML:1.0
---
calibration_time: "mar 02 nov 2021 17:46:25"
nframes: 55
image_width: 1920
image_height: 1080
board_width: 6
board_height: 4
square_size: 1.
aspectRatio: 1.
flags: 2
camera_matrix: !!opencv-matrix
   rows: 3
   cols: 3
   dt: d
   data: [ 1.1381412603231270e+03, 0., 9.7044732756761573e+02, 0.,
       1.1381412603231270e+03, 5.4820275247987786e+02, 0., 0., 1. ]
distortion_coefficients: !!opencv-matrix
   rows: 5
   cols: 1
   dt: d
   data: [ -3.3377455559126371e-02, -9.5595717774438260e-02,
       2.9289578355348538e-03, 1.5889812838206672e-03,
       4.5355059881427040e-01 ]
avg_reprojection_error: 3.7194576274860025e-01
per_view_reprojection_errors: !!opencv-matrix
   rows: 55
   cols: 1
   dt: f
   data: [ 4.63183016e-01, 5.04037321e-01, 3.72368962e-01,
       2.98917353e-01, 2.76232839e-01, 2.83041000e-01, 3.05140913e-01,
       2.98620880e-01, 2.16034934e-01, 1.93100289e-01, 4.35808837e-01,
       4.83228743e-01, 5.25067985e-01, 5.11539280e-01, 5.24889648e-01,
       4.29882944e-01, 3.50467891e-01, 2.99380481e-01, 3.38569224e-01,
       3.43056738e-01, 3.38297129e-01, 3.11264127e-01, 2.94241101e-01,
       2.45956257e-01, 2.16862515e-01, 1.89382389e-01, 1.92076921e-01,
       1.35379001e-01, 1.54979274e-01, 1.44724995e-01, 1.36678770e-01,
       1.72800243e-01, 2.16966778e-01, 2.29272455e-01, 2.29533523e-01,
       1.90166607e-01, 1.87693194e-01, 2.39512324e-01, 2.77696460e-01,
       3.73712689e-01, 3.92831296e-01, 4.27747786e-01, 3.89689505e-01,
       3.39016855e-01, 2.88965106e-01, 5.42943478e-01, 3.74684364e-01,
       2.95764863e-01, 2.54431158e-01, 5.87144554e-01, 8.71298611e-01,
       5.82824349e-01, 4.74449664e-01, 6.82357430e-01, 3.55810076e-01 ]
extrinsic_parameters: !!opencv-matrix
   rows: 55
   cols: 6
   dt: d
   data: [ 9.0927735665638401e-02, 1.8902854604944935e-02,
       2.5700905725244475e-02, -1.3029955435880900e+00,
       -2.7758952950372366e+00, 1.4362751008125423e+01,
       6.8657520937407845e-02, 8.4456434991272297e-02,
       5.5433668845809012e-02, -1.7798329538035693e+00,
       -2.6853603161403665e+00, 1.4333629317904867e+01,
       6.5517523883971862e-02, 1.1723567501427953e-01,
       7.0217182450156734e-02, -1.8937815120998851e+00,
       -2.7244598771126860e+00, 1.4073833870207750e+01,
       6.9072963167631091e-02, 1.4607035573165525e-01,
       8.1147847351390273e-02, -1.9287690144348137e+00,
       -2.7549696578456309e+00, 1.3823733700585533e+01,
       7.6711427613835842e-02, 1.8105907640626182e-01,
       9.3125707488066006e-02, -1.9639128951306037e+00,
       -2.6887569523838417e+00, 1.3577138646954214e+01,
       8.1974862576198501e-02, 2.1995519984409831e-01,
       1.0477302523683307e-01, -1.9527651993738511e+00,
       -2.5771511626276955e+00, 1.3365260820815507e+01,
       9.2559041421344967e-02, 2.7341082924297283e-01,
       1.1636437242249205e-01, -2.0802062790062865e+00,
       -2.5733805096423810e+00, 1.3170197238893678e+01,
       1.0328794275043598e-01, 2.9803090696576318e-01,
       1.1942590666655431e-01, -2.0970563997858052e+00,
       -2.6136433289471332e+00, 1.3137873787734858e+01,
       1.1089615588400213e-01, 3.5650093087666784e-01,
       1.2772976010284118e-01, -1.8103635496249446e+00,
       -2.6738368905938161e+00, 1.3294025193519618e+01,
       1.0851688180291388e-01, 3.6433108705186512e-01,
       1.3375627009593852e-01, -1.6846834089686187e+00,
       -2.5898007380246906e+00, 1.3430039651497546e+01,
       1.0846437172059080e-01, 2.9898590088604349e-01,
       1.2526093458661142e-01, -1.4780353116143696e+00,
       -2.6263174401993807e+00, 1.3695288471909404e+01,
       1.0240318556900081e-01, 2.4779870684483982e-01,
       1.1513981266813893e-01, -1.2126986220868865e+00,
       -2.7087616724305237e+00, 1.3724107403183684e+01,
       9.3071274813457089e-02, 1.9632752372017931e-01,
       1.0315425649420068e-01, -1.1261339764322533e+00,
       -2.6727504538607203e+00, 1.3756712661732031e+01,
       6.5702308751921512e-02, 8.9917925860997075e-02,
       7.1574270332246545e-02, -1.2083185785345485e+00,
       -2.4330095505347544e+00, 1.3843944365778059e+01,
       4.4264718031025350e-02, 3.5444391226119166e-03,
       3.9164965375633194e-02, -1.2456687126384987e+00,
       -2.3218067785777929e+00, 1.3851634876712195e+01,
       3.4513190419008979e-02, -6.4366964611647912e-02,
       9.7175797552063493e-03, -1.1609750516443673e+00,
       -2.2902213094388157e+00, 1.3702019765313679e+01,
       3.9335008108346482e-02, -1.2844023326675730e-01,
       -1.3668840133239487e-02, -1.0961421378421832e+00,
       -2.3070322238980330e+00, 1.3432439431749025e+01,
       5.0525987527026556e-02, -2.2261819814645029e-01,
       -4.3292453388088285e-02, -1.3238607403021176e+00,
       -2.2025115307362961e+00, 1.2817684592408787e+01,
       6.1682447362995121e-02, -2.9778922823888399e-01,
       -6.4069471357322938e-02, -1.7295909151346598e+00,
       -2.0093555888860557e+00, 1.2144366813520277e+01,
       7.5915940677162910e-02, -3.6102767050795387e-01,
       -7.5482790307552311e-02, -1.9028792658606941e+00,
       -1.8837845598178242e+00, 1.1107884511264034e+01,
       9.7437210053355344e-02, -4.1373929283660499e-01,
       -7.7245304140768828e-02, -2.0125982955581856e+00,
       -1.7467724279674228e+00, 9.9806268002475509e+00,
       1.2479929405176217e-01, -4.7739108445383116e-01,
       -7.5487393556478780e-02, -2.4058019723865227e+00,
       -1.8221321765234357e+00, 8.8620946313763174e+00,
       1.3479162227055025e-01, -5.0296721723421456e-01,
       -7.4452741015925195e-02, -2.6619905866172702e+00,
       -1.8511520031479682e+00, 8.4629605930534471e+00,
       1.4236288245888154e-01, -4.5046912171361747e-01,
       -7.5603860449777391e-02, -2.4872500730891218e+00,
       -1.7819775463768026e+00, 9.1194046480021438e+00,
       1.5293219819621640e-01, -4.0924655709288560e-01,
       -7.2877671133001337e-02, -2.7508065662854850e+00,
       -1.7791226098711523e+00, 1.0157162475002176e+01,
       1.5856491636726314e-01, -3.6831637957361130e-01,
       -7.1095375086053084e-02, -2.9945428088896051e+00,
       -1.9361032004958696e+00, 1.0946670971617211e+01,
       1.6903724975860412e-01, -3.2882350185649800e-01,
       -6.6452928977270204e-02, -3.1689661605737807e+00,
       -2.0838050987503736e+00, 1.1755052111151194e+01,
       1.7760037090901046e-01, -2.8635784246298929e-01,
       -6.1043519895932138e-02, -3.2279044518621509e+00,
       -2.2115560925565174e+00, 1.2524520250976298e+01,
       1.8890855159066081e-01, -2.5729629335140675e-01,
       -5.5535725324360803e-02, -3.2051880194803588e+00,
       -2.2533583308736658e+00, 1.2887025039946987e+01,
       1.9903392615107074e-01, -2.2802340535709689e-01,
       -4.9718562403160513e-02, -3.1839738459264240e+00,
       -2.2756749961924605e+00, 1.3138481833043194e+01,
       2.0773186146491182e-01, -1.9885968556481523e-01,
       -4.4088430678721292e-02, -3.1008738974560766e+00,
       -2.2453244801844301e+00, 1.3251276103226374e+01,
       2.2230853143738824e-01, -1.7414256808477552e-01,
       -3.7957354301002069e-02, -3.0121679412807585e+00,
       -2.1188399831039373e+00, 1.3336120390970413e+01,
       2.3361630306563322e-01, -1.4633189137106425e-01,
       -3.2257041169794470e-02, -2.9173696273514640e+00,
       -1.9681940454057831e+00, 1.3473693795535411e+01,
       2.5305539370465902e-01, -1.2004626498167122e-01,
       -2.5530206633230263e-02, -2.7884028616832879e+00,
       -1.7993473874186658e+00, 1.3503162353554828e+01,
       2.7214819763390291e-01, -1.0075203734596937e-01,
       -2.1025288080184164e-02, -2.7198190151892834e+00,
       -1.6020537883238204e+00, 1.3374378748477197e+01,
       2.9343059663549143e-01, -8.6099811588605912e-02,
       -1.7032952080557429e-02, -2.6839806523467526e+00,
       -1.4307200626507635e+00, 1.3051437793234729e+01,
       3.1338004684579995e-01, -6.8101521501123780e-02,
       -1.5083792857898419e-02, -2.6631820891002587e+00,
