%YAML:1.0
---
calibration_time: "lun 01 nov 2021 19:35:56"
nframes: 10
image_width: 1920
image_height: 1080
board_width: 4
board_height: 6
square_size: 1.
aspectRatio: 1.
flags: 2
camera_matrix: !!opencv-matrix
   rows: 3
   cols: 3
   dt: d
   data: [ 1.2537940620658628e+03, 0., 9.3065995901595090e+02, 0.,
       1.2537940620658628e+03, 5.5923481771783702e+02, 0., 0., 1. ]
distortion_coefficients: !!opencv-matrix
   rows: 5
   cols: 1
   dt: d
   data: [ -1.1650997995368896e-01, 1.1865832227341373e+00,
       -1.2064952289491176e-03, 1.6676358389095380e-03,
       -6.4655084563410758e+00 ]
avg_reprojection_error: 2.5817262912167172e-01
per_view_reprojection_errors: !!opencv-matrix
   rows: 10
   cols: 1
   dt: f
   data: [ 2.04198942e-01, 2.75481761e-01, 3.39072406e-01,
       2.29220182e-01, 2.01346070e-01, 2.23703265e-01, 1.97208941e-01,
       2.51621187e-01, 2.71199256e-01, 3.39256018e-01 ]
extrinsic_parameters: !!opencv-matrix
   rows: 10
   cols: 6
   dt: d
   data: [ 7.6702862917694625e-02, 3.3142478506043530e-02,
       -1.5663112270488613e+00, -7.9519468990317776e-01,
       5.4458773794823820e-02, 1.6045686203397242e+01,
       4.8391523495332947e-02, 9.1939125419814957e-02,
       -1.5439544082287617e+00, -8.6933113977677479e-01,
       7.0616834171648754e-02, 1.6126616165425329e+01,
       -1.9266911999117609e-02, 1.3499046171274942e-01,
       -1.5132301537760637e+00, -1.4327858702984237e+00,
       1.6274571576146707e-01, 1.6051483470593951e+01,
       -5.3015092410613723e-02, 1.7102846243817835e-01,
       -1.4940544140763858e+00, -1.6161350151194198e+00,
       1.1165143737340018e-01, 1.5707462170055559e+01,
       -8.1836924756232443e-02, 2.0526418938017219e-01,
       -1.4787692399717123e+00, -1.6990016082953503e+00,
       1.0861524935613183e-01, 1.5393816895397672e+01,
       -1.0731927959793769e-01, 2.4725794459635869e-01,
       -1.4627099822493621e+00, -1.7471400899599061e+00,
       2.2304912578470809e-01, 1.5152551391848750e+01,
       -1.3362070883071073e-01, 2.8023908763858113e-01,
       -1.4501416301642329e+00, -1.7948372119607252e+00,
       2.7132297760362645e-01, 1.4975826514443366e+01,
       -1.6514004966438020e-01, 3.3109978247460448e-01,
       -1.4365666802088253e+00, -1.9445395079524446e+00,
       2.4574084930569648e-01, 1.4850224269233125e+01,
       -2.0279195456045343e-01, 3.8923959932811492e-01,
       -1.4215450576497484e+00, -1.6909298741410093e+00,
       1.5841984227915318e-01, 1.5017829454585840e+01,
       -2.1494132257853557e-01, 3.9842383852240715e-01,
       -1.4130604492787198e+00, -1.5307252262060740e+00,
       2.3595200208660289e-01, 1.5190964504947988e+01 ]
image_points: !!opencv-matrix
   rows: 10
   cols: 24
   dt: "2f"
   data: [ 8.68510986e+02, 5.63475525e+02, 8.68526367e+02,
       4.85368469e+02, 8.68697571e+02, 4.06572266e+02, 8.68666809e+02,
       3.27158661e+02, 9.46594177e+02, 5.63660034e+02, 9.47043518e+02,
       4.85554688e+02, 9.47478760e+02, 4.06880737e+02, 9.47935486e+02,
       3.27776398e+02, 1.02440674e+03, 5.63703491e+02, 1.02508582e+03,
       4.85824615e+02, 1.02594043e+03, 4.07405548e+02, 1.02652747e+03,
       3.28436127e+02, 1.10192566e+03, 5.63860291e+02, 1.10299561e+03,
       4.86186676e+02, 1.10388159e+03, 4.07911652e+02, 1.10505042e+03,
       3.29137451e+02, 1.17879529e+03, 5.63944519e+02, 1.18011658e+03,
       4.86608795e+02, 1.18151611e+03, 4.08523224e+02, 1.18277563e+03,
       3.30139862e+02, 1.25518823e+03, 5.64052185e+02, 1.25707556e+03,
       4.87188171e+02, 1.25870557e+03, 4.09385651e+02, 1.26032288e+03,
       3.31096832e+02, 8.62740601e+02, 5.65142639e+02, 8.64504822e+02,
       4.87073883e+02, 8.66551208e+02, 4.08544586e+02, 8.68369751e+02,
       3.29349609e+02, 9.40377991e+02, 5.66966736e+02, 9.42678284e+02,
       4.88954987e+02, 9.44932251e+02, 4.10238159e+02, 9.47129150e+02,
       3.31018616e+02, 1.01831244e+03, 5.68950378e+02, 1.02094617e+03,
       4.90986145e+02, 1.02364929e+03, 4.12110382e+02, 1.02599609e+03,
       3.32653015e+02, 1.09651099e+03, 5.70953369e+02, 1.09956628e+03,
       4.92785339e+02, 1.10248206e+03, 4.13895966e+02, 1.10544507e+03,
       3.34368805e+02, 1.17478137e+03, 5.73103394e+02, 1.17808411e+03,
       4.94794281e+02, 1.18144885e+03, 4.15904846e+02, 1.18483691e+03,
       3.36382629e+02, 1.25311890e+03, 5.74869202e+02, 1.25715381e+03,
       4.96803955e+02, 1.26058240e+03, 4.17785645e+02, 1.26407556e+03,
       3.38251770e+02, 8.18733521e+02, 5.72312073e+02, 8.22386658e+02,
       4.94269287e+02, 8.26102051e+02, 4.15554413e+02, 8.30006531e+02,
       3.35921295e+02, 8.95925354e+02, 5.76889709e+02, 9.00051025e+02,
       4.98420990e+02, 9.04316223e+02, 4.19166229e+02, 9.08384644e+02,
       3.39212128e+02, 9.74194702e+02, 5.81494507e+02, 9.78597656e+02,
       5.02524567e+02, 9.83320740e+02, 4.22724945e+02, 9.87968018e+02,
       3.42432922e+02, 1.05328271e+03, 5.86026794e+02, 1.05824158e+03,
       5.06785248e+02, 1.06334058e+03, 4.26540649e+02, 1.06807910e+03,
       3.45977997e+02, 1.13330664e+03, 5.90996948e+02, 1.13855273e+03,
       5.11136932e+02, 1.14411511e+03, 4.30474731e+02, 1.14943213e+03,
       3.49320343e+02, 1.21429004e+03, 5.95632385e+02, 1.21996387e+03,
       5.15569275e+02, 1.22568140e+03, 4.34515472e+02, 1.23171191e+03,
       3.52865875e+02, 8.01776855e+02, 5.68315002e+02, 8.06569153e+02,
       4.88727936e+02, 8.11475891e+02, 4.08238281e+02, 8.16347290e+02,
       3.27117645e+02, 8.79917786e+02, 5.74509338e+02, 8.85200439e+02,
       4.94472321e+02, 8.90544983e+02, 4.13076172e+02, 8.96118958e+02,
       3.31166809e+02, 9.59679810e+02, 5.80902283e+02, 9.65424927e+02,
       4.99884583e+02, 9.71200134e+02, 4.18110291e+02, 9.76963135e+02,
       3.35430878e+02, 1.04064038e+03, 5.87444763e+02, 1.04693408e+03,
       5.05718597e+02, 1.05324890e+03, 4.23173279e+02, 1.05953491e+03,
       3.39804016e+02, 1.12320166e+03, 5.94110901e+02, 1.12973596e+03,
       5.11900696e+02, 1.13671094e+03, 4.28526642e+02, 1.14347278e+03,
       3.44287201e+02, 1.20680823e+03, 6.00886841e+02, 1.21438049e+03,
       5.17906799e+02, 1.22155188e+03, 4.33666138e+02, 1.22890002e+03,
       3.49051300e+02, 7.92505737e+02, 5.68382385e+02, 7.98206055e+02,
       4.87173859e+02, 8.03877319e+02, 4.04799042e+02, 8.09828125e+02,
       3.22085297e+02, 8.71577637e+02, 5.76088257e+02, 8.77702759e+02,
       4.93695404e+02, 8.83791443e+02, 4.10661926e+02, 8.90310852e+02,
       3.26653046e+02, 9.52388977e+02, 5.83756531e+02, 9.59020996e+02,
       5.00623352e+02, 9.65916321e+02, 4.16571899e+02, 9.72698486e+02,
       3.31577881e+02, 1.03503015e+03, 5.91898987e+02, 1.04244739e+03,
       5.07867859e+02, 1.04974597e+03, 4.22622253e+02, 1.05735754e+03,
       3.36897217e+02, 1.11973706e+03, 6.00304504e+02, 1.12761792e+03,
       5.15254700e+02, 1.13553271e+03, 4.29260864e+02, 1.14359570e+03,
       3.42282074e+02, 1.20627051e+03, 6.08742859e+02, 1.21487415e+03,
       5.22750610e+02, 1.22325549e+03, 4.35740753e+02, 1.23183398e+03,
       3.48060150e+02, 7.86371887e+02, 5.77766235e+02, 7.92521362e+02,
       4.95550415e+02, 7.99221375e+02, 4.11944916e+02, 8.05917297e+02,
       3.27661285e+02, 8.65498962e+02, 5.87363098e+02, 8.72394470e+02,
       5.03551331e+02, 8.79579773e+02, 4.18704041e+02, 8.86983704e+02,
       3.33292938e+02, 9.47272644e+02, 5.96766174e+02, 9.54732422e+02,
       5.12109436e+02, 9.62524170e+02, 4.25987946e+02, 9.70468262e+02,
       3.39050751e+02, 1.03120520e+03, 6.06804443e+02, 1.03947375e+03,
       5.20718140e+02, 1.04788647e+03, 4.33443298e+02, 1.05655957e+03,
       3.45347382e+02, 1.11736584e+03, 6.17017944e+02, 1.12660046e+03,
       5.29846252e+02, 1.13571509e+03, 4.41260986e+02, 1.14481201e+03,
       3.51715973e+02, 1.20627661e+03, 6.27570007e+02, 1.21619177e+03,
       5.39245300e+02, 1.22616150e+03, 4.49438568e+02, 1.23605945e+03,
       3.58523132e+02, 7.80740173e+02, 5.82208557e+02, 7.87461121e+02,
       4.98736969e+02, 7.94504761e+02, 4.14488251e+02, 8.01949646e+02,
