%YAML:1.0
---
calibration_time: "dom 31 oct 2021 18:25:22"
nframes: 10
image_width: 1920
image_height: 1080
board_width: 6
board_height: 4
square_size: 1.
aspectRatio: 1.
flags: 2
camera_matrix: !!opencv-matrix
   rows: 3
   cols: 3
   dt: d
   data: [ 1.2648035942598176e+03, 0., 9.1373599336048596e+02, 0.,
       1.2648035942598176e+03, 5.5650295583891216e+02, 0., 0., 1. ]
distortion_coefficients: !!opencv-matrix
   rows: 5
   cols: 1
   dt: d
   data: [ -1.0999854582647489e-01, 8.4488774903029695e-01,
       -2.4578325367815108e-03, -8.1834272162882853e-04,
       -3.8826756638165478e+00 ]
avg_reprojection_error: 2.6522678893053914e-01
per_view_reprojection_errors: !!opencv-matrix
   rows: 10
   cols: 1
   dt: f
   data: [ 2.37553865e-01, 3.60930651e-01, 2.49209374e-01,
       1.91113502e-01, 2.13025510e-01, 2.59858340e-01, 1.97748065e-01,
       2.36272559e-01, 2.72548050e-01, 3.68784964e-01 ]
extrinsic_parameters: !!opencv-matrix
   rows: 10
   cols: 6
   dt: d
   data: [ 8.6514714327115272e-02, 2.8410190481891074e-02,
       2.0889274131144948e-02, -4.9532222228896722e-01,
       -2.9221465537960438e+00, 1.6013809698912471e+01,
       7.8433454384197118e-02, 8.5856144176304661e-02,
       4.5513751507415656e-02, -9.1512097107484425e-01,
       -2.7861345941444817e+00, 1.6003899201555399e+01,
       7.0772819634618761e-02, 1.3898284351445056e-01,
       6.7134371952176281e-02, -1.1733046708731847e+00,
       -2.8170514309926706e+00, 1.5775901225930504e+01,
       7.5677847478880220e-02, 1.7915052440100521e-01,
       8.1085757594039007e-02, -1.2386467923417317e+00,
       -2.8563826327273500e+00, 1.5418252765725217e+01,
       8.3778828846015424e-02, 2.1263753061799281e-01,
       9.0728140611147132e-02, -1.2792642091015556e+00,
       -2.8073757675505302e+00, 1.5183807146660698e+01,
       8.8710208862778431e-02, 2.4728867436434593e-01,
       1.0107344925113487e-01, -1.2799397863604804e+00,
       -2.6993435472438425e+00, 1.4971870838568389e+01,
       9.3583950872009214e-02, 2.7971961713744636e-01,
       1.0884308347541595e-01, -1.3107901746982462e+00,
       -2.6659187797034645e+00, 1.4805394407188592e+01,
       1.0619247377415202e-01, 3.3386121344200209e-01,
       1.1748617783496804e-01, -1.4523986114007392e+00,
       -2.6852191564813026e+00, 1.4630889507590330e+01,
       1.2012172519607463e-01, 3.9204189820284452e-01,
       1.2500407002512565e-01, -1.2407081329302911e+00,
       -2.7586458076682843e+00, 1.4725270432924404e+01,
       1.1779828450688450e-01, 4.1383334147162759e-01,
       1.3226794645203224e-01, -1.0113591060956755e+00,
       -2.7321659945796521e+00, 1.4898454563257957e+01 ]
image_points: !!opencv-matrix
   rows: 10
   cols: 24
   dt: "2f"
   data: [ 8.74908813e+02, 3.25952179e+02, 9.53877930e+02,
       3.27623108e+02, 1.03275208e+03, 3.29033203e+02, 1.11179419e+03,
       3.30636871e+02, 1.19074475e+03, 3.31933289e+02, 1.26997522e+03,
       3.33803741e+02, 8.73357971e+02, 4.05340088e+02, 9.51988159e+02,
       4.06832886e+02, 1.03061255e+03, 4.08311218e+02, 1.10913647e+03,
       4.09907104e+02, 1.18790723e+03, 4.11420563e+02, 1.26678748e+03,
       4.13170959e+02, 8.71869995e+02, 4.83916595e+02, 9.49956238e+02,
       4.85632294e+02, 1.02809558e+03, 4.87061493e+02, 1.10666528e+03,
       4.88578796e+02, 1.18497827e+03, 4.90139191e+02, 1.26347656e+03,
       4.91854828e+02, 8.70331726e+02, 5.61875732e+02, 9.48043396e+02,
       5.63527893e+02, 1.02609021e+03, 5.65067383e+02, 1.10401062e+03,
       5.66588135e+02, 1.18213123e+03, 5.68164856e+02, 1.25992078e+03,
       5.69857422e+02, 8.41825806e+02, 3.36888000e+02, 9.20560120e+02,
       3.39428345e+02, 9.99816528e+02, 3.42083038e+02, 1.07972668e+03,
       3.44975159e+02, 1.16049377e+03, 3.47929108e+02, 1.24176819e+03,
       3.50879761e+02, 8.38744751e+02, 4.16087860e+02, 9.16977661e+02,
       4.19081207e+02, 9.95914185e+02, 4.22051361e+02, 1.07548645e+03,
       4.25144867e+02, 1.15568103e+03, 4.28494232e+02, 1.23655823e+03,
       4.31830231e+02, 8.35403870e+02, 4.94845764e+02, 9.13390137e+02,
       4.97911102e+02, 9.91881653e+02, 5.01485840e+02, 1.07117786e+03,
       5.04853455e+02, 1.15096289e+03, 5.08480591e+02, 1.23163086e+03,
       5.12210449e+02, 8.32263672e+02, 5.72549438e+02, 9.09792419e+02,
       5.76325684e+02, 9.88080627e+02, 5.79982666e+02, 1.06667310e+03,
       5.83756897e+02, 1.14628430e+03, 5.87786377e+02, 1.22635632e+03,
       5.91367920e+02, 8.19834351e+02, 3.30999908e+02, 8.99093140e+02,
       3.34811096e+02, 9.79307861e+02, 3.38728485e+02, 1.06092432e+03,
       3.42634216e+02, 1.14365466e+03, 3.47040894e+02, 1.22789514e+03,
       3.51402069e+02, 8.15360779e+02, 4.11346405e+02, 8.93800842e+02,
       4.15805878e+02, 9.73823853e+02, 4.20209412e+02, 1.05508691e+03,
       4.24963562e+02, 1.13747559e+03, 4.29826599e+02, 1.22139026e+03,
       4.34724213e+02, 8.10681763e+02, 4.91291962e+02, 8.88984253e+02,
       4.96417114e+02, 9.68638733e+02, 5.01409424e+02, 1.04925793e+03,
       5.06666962e+02, 1.13116064e+03, 5.12002563e+02, 1.21449146e+03,
       5.17571106e+02, 8.06250305e+02, 5.70086060e+02, 8.84256470e+02,
       5.75597229e+02, 9.63203735e+02, 5.81547607e+02, 1.04352673e+03,
       5.87408691e+02, 1.12501160e+03, 5.93505310e+02, 1.20755493e+03,
       5.99626648e+02, 8.12245544e+02, 3.22506714e+02, 8.92554382e+02,
       3.27067596e+02, 9.74386719e+02, 3.31617401e+02, 1.05798877e+03,
       3.36586029e+02, 1.14350732e+03, 3.41737305e+02, 1.23070496e+03,
       3.46815826e+02, 8.06696655e+02, 4.04557922e+02, 8.86474854e+02,
       4.09909302e+02, 9.67902588e+02, 4.15557373e+02, 1.05103235e+03,
       4.21467499e+02, 1.13595203e+03, 4.27366028e+02, 1.22266870e+03,
       4.33489471e+02, 8.01334900e+02, 4.86383209e+02, 8.80564148e+02,
       4.92401794e+02, 9.61508728e+02, 4.98760986e+02, 1.04439526e+03,
       5.05529022e+02, 1.12869641e+03, 5.12328735e+02, 1.21466431e+03,
       5.19382690e+02, 7.96066223e+02, 5.66853455e+02, 8.74559082e+02,
       5.74182129e+02, 9.55217163e+02, 5.81313232e+02, 1.03727966e+03,
       5.88555481e+02, 1.12093396e+03, 5.96464539e+02, 1.20651099e+03,
       6.04154785e+02, 8.07375000e+02, 3.22745850e+02, 8.88074768e+02,
       3.27989716e+02, 9.70835510e+02, 3.33164154e+02, 1.05607593e+03,
       3.38599121e+02, 1.14293408e+03, 3.44474335e+02, 1.23232263e+03,
       3.50531647e+02, 8.01246460e+02, 4.06443268e+02, 8.81431030e+02,
       4.12371796e+02, 9.63707581e+02, 4.18715363e+02, 1.04819092e+03,
       4.25522736e+02, 1.13473682e+03, 4.32333496e+02, 1.22339905e+03,
       4.39551697e+02, 7.95064575e+02, 4.88945679e+02, 8.74752380e+02,
       4.96335114e+02, 9.56565002e+02, 5.03585907e+02, 1.04041309e+03,
       5.11500214e+02, 1.12629346e+03, 5.19435974e+02, 1.21434924e+03,
       5.27451660e+02, 7.89392944e+02, 5.70732666e+02, 8.68426941e+02,
       5.78865906e+02, 9.49580322e+02, 5.87527588e+02, 1.03269214e+03,
       5.96193542e+02, 1.11798645e+03, 6.05034912e+02, 1.20537024e+03,
       6.14339661e+02, 8.05600098e+02, 3.28586731e+02, 8.86995239e+02,
       3.34363495e+02, 9.70384827e+02, 3.40353729e+02, 1.05656750e+03,
       3.46511536e+02, 1.14538599e+03, 3.53436371e+02, 1.23686865e+03,
       3.60391418e+02, 7.98805908e+02, 4.13334473e+02, 8.79415527e+02,
       4.20130646e+02, 9.62374146e+02, 4.27534912e+02, 1.04796216e+03,
       4.34966766e+02, 1.13599426e+03, 4.43240448e+02, 1.22659033e+03,
       4.51553650e+02, 7.92460144e+02, 4.96944214e+02, 8.72048340e+02,
       5.05364044e+02, 9.54531006e+02, 5.13784119e+02, 1.03945581e+03,
       5.22688293e+02, 1.12662659e+03, 5.32082947e+02, 1.21675134e+03,
       5.41646179e+02, 7.85768982e+02, 5.79462341e+02, 8.64802551e+02,
       5.89021667e+02, 9.46515625e+02, 5.98806152e+02, 1.03073022e+03,
       6.09121399e+02, 1.11733911e+03, 6.19559143e+02, 1.20651892e+03,
       6.30573059e+02, 8.01949646e+02, 3.29079742e+02, 8.82949402e+02,
       3.35271454e+02, 9.66731567e+02, 3.41607422e+02, 1.05407581e+03,
